# Hillslopes - topaz ID, WEPP ID, area (cells)
22   1   950
31   3   530
32   4   71
33   5   290
42   6   658
72   12   3073
52   8   1505
23   2   766
43   7   40
523   126   1597
53   9   843
522   127   2593
73   13   1225
82   14   105
62   10   20
81   15   517
162   35   1699
83   16   74
63   11   125
512   123   1072
513   124   927
93   17   1596
163   36   1831
92   18   977
102   19   545
172   37   3471
112   21   747
103   20   215
153   32   557
142   29   35
113   22   728
143   30   180
122   23   1212
152   33   198
543   131   3358
282   65   61
283   66   250
173   38   2358
141   31   510
303   70   1280
123   24   1577
132   26   268
292   67   4124
532   128   141
151   34   523
302   71   854
542   132   2298
293   68   2847
533   129   71
531   130   524
133   27   747
511   125   514
131   28   587
503   120   1189
182   39   4773
502   121   557
313   72   125
121   25   502
562   135   270
561   136   522
312   73   217
333   77   852
332   78   292
322   74   91
183   40   1715
323   75   48
552   133   127
212   47   1257
321   76   500
213   48   1304
563   137   499
501   122   520
603   146   2915
342   79   206
553   134   54
602   147   1422
353   82   1169
352   83   641
343   80   317
572   138   1282
573   139   586
341   81   553
582   140   2335
221   49   869
362   84   149
372   86   5498
473   112   2355
222   50   47
363   85   103
472   113   2438
592   143   455
583   141   1360
593   144   466
442   104   417
373   87   3783
443   105   510
233   52   1150
232   53   1628
223   51   229
291   69   548
643   156   1132
642   157   247
612   148   1498
591   145   574
613   149   531
192   41   122
203   44   4424
202   45   5399
663   161   1129
193   42   155
191   43   505
463   109   5126
452   106   1065
661   162   623
462   110   6901
453   107   534
652   158   1456
662   163   862
653   159   799
253   57   2594
252   58   2572
242   54   1377
243   55   700
451   108   532
622   150   473
633   153   1083
623   151   544
581   142   511
632   154   588
621   152   550
651   160   525
241   56   524
493   117   506
482   114   1908
483   115   1240
492   118   1352
491   119   512
382   88   1069
393   91   3305
273   62   572
631   155   515
392   92   1796
383   89   233
263   59   4129
262   60   6848
272   63   55
271   64   513
381   90   518
481   116   512
412   95   1077
402   93   314
411   96   517
432   101   490
403   94   454
433   102   1283
413   97   332
423   98   4357
422   99   5666
461   111   507
201   46   562
431   103   528
261   61   576
421   100   545
# Channels - topaz ID, WEPP ID, area (cells)
34   64   16
24   65   37
44   63   9
524   15   96
54   62   48
74   60   95
84   59   22
514   16   80
64   61   5
164   51   66
94   58   48
104   57   22
154   52   29
114   56   34
144   53   11
174   50   108
284   39   14
124   55   66
134   54   32
544   13   75
534   14   10
304   37   48
294   38   141
504   17   62
314   36   7
334   34   27
324   35   18
184   49   120
214   46   69
564   11   30
604   7   73
554   12   12
354   32   35
344   33   26
574   10   37
474   20   133
364   31   12
594   8   32
584   9   101
374   30   175
444   23   36
234   44   51
224   45   10
644   3   22
614   6   64
204   47   241
194   48   21
464   21   229
454   22   37
664   1   32
654   2   66
254   42   108
244   43   59
634   4   65
624   5   28
494   18   42
484   19   77
384   29   36
394   28   73
274   40   15
264   41   197
434   24   51
404   27   20
414   26   30
424   25   190
